Hong Kong
{"type":"MultiPolygon","coordinates":[[[[18.82,45.91],[17.67,45.83],[16.61,46.48],[16.11,46.87],[16.51,47.01],[16.45,47.7],[17.17,48.01],[17.25,48.02],[18.66,47.76],[20.66,48.56],[22.15,48.41],[22.89,47.95],[20.73,46.18],[20.26,46.11],[18.82,45.91]]]]}

Singapore
{"type":"MultiPolygon","coordinates":[[[[17.25,48.02],[17.17,48.01],[16.95,48.62],[18.85,49.52],[22.56,49.08],[22.15,48.41],[20.66,48.56],[18.66,47.76],[17.25,48.02]]]]}

Bahamas, The
{"type":"MultiPolygon","coordinates":[[[[50.53,26.23],[50.57,25.81],[50.46,25.97],[50.53,26.23]]]]}

Barbados
{"type":"MultiPolygon","coordinates":[[[[4.3,51.26],[4.25,51.38],[5.04,51.49],[6.01,50.76],[6.13,50.13],[6.03,50.18],[5.81,49.55],[4.83,50.17],[4.15,49.98],[2.54,51.09],[3.37,51.37],[4.24,51.35],[4.3,51.26]]]]}

Virgin Islands
{"type":"MultiPolygon","coordinates":[[[[-2.83,11],[-2.69,9.48],[-3.63,9.95],[-4.7,9.7],[-5.52,10.44],[-5.27,11.84],[-4.42,12.3],[-3.96,13.5],[-3.44,13.17],[-2.47,14.29],[-0.73,15.08],[0.24,14.92],[0.6,13.7],[1.29,13.35],[0.99,13.05],[2.14,12.69],[2.4,11.9],[0.92,11],[-0.15,11.14],[-2.83,11]]]]}

British Virgin Islands
{"type":"MultiPolygon","coordinates":[[[[115.22,4.8],[115.34,4.31],[115.03,4.82],[115.15,4.9],[115.22,4.8]]],[[[114.98,4.89],[115.02,4.9],[114.64,4.02],[114.1,4.59],[114.98,4.89]]]]}

Cayman Islands
{"type":"MultiPolygon","coordinates":[[[[19.06,8.58],[18.99,8.96],[20.37,9.11],[21.72,10.64],[22.87,10.92],[23.67,9.87],[23.52,8.71],[25.25,7.85],[27.46,5.02],[25.89,5.19],[22.9,4.82],[22.38,4.13],[20.59,4.41],[19.42,5.13],[18.54,4.34],[18.62,3.48],[16.66,3.53],[16.21,2.22],[14.73,4.62],[14.42,6.04],[15.5,7.53],[18.59,8.04],[19.06,8.58]]]]}

Saint Lucia
{"type":"MultiPolygon","coordinates":[[[[-63.01,18.08],[-63.01,18.07],[-63.14,18.06],[-63.01,18.08]]]]}

Saint Kitts and Nevis
{"type":"MultiPolygon","coordinates":[[[[-63.17,18.16],[-62.97,18.27],[-62.99,18.23],[-63.17,18.16]]]]}

Saint Vincent and the Grenadines
{"type":"MultiPolygon","coordinates":[[[[12.42,43.96],[12.51,43.99],[12.46,43.9],[12.42,43.96]]]]}

Turks and Caicos Islands
{"type":"MultiPolygon","coordinates":[[[[179.22,-8.55],[179.2,-8.46],[179.23,-8.5],[179.22,-8.55]]]]}

Aruba
{"type":"MultiPolygon","coordinates":[[[[164.32,-20.33],[167.01,-22.32],[165.26,-21.56],[163.99,-20.09],[164.32,-20.33]]]]}


Saint Martin
{"type":"MultiPolygon","coordinates":[[[[-63.16315,18.06558],[-63.01974,18.13134],[-63.00659,18.01857],[-63.09492,17.99903]]]]}

Curacao
{"type":"MultiPolygon","coordinates":[[[[-69.19464,12.40305],[-69.07791,12.10781],[-68.70575,12.0138],[-68.89389,12.2246]]]]}